1.060345736744149 0.1056613904805681 0.0686287555086436 0.1907720790721648 0.1827057344869271 0.1985521523231502 0.00886561617643623 0.1250710201201851 0.2642966499216806 -7.750554996695159
0.1056613904805681 1.185006100524071 0.1201644080465612 0.3340292823848631 0.3199056469641016 0.3476516756489492 0.01552310706953299 0.2189910772114863 0.4627659390170348 -13.57070875477104
0.0686287555086436 0.1201644080465612 1.078048696341782 0.2169573374839727 0.2077838113948671 0.2258052988112986 0.01008250520804379 0.1422381915301932 0.3005738457735767 -8.81439141558023
0.1907720790721648 0.3340292823848631 0.2169573374839727 1.60309125577202 0.5775909733980955 0.627686543351604 0.02802703424444566 0.3953892988524635 0.835525823657395 -24.5019709834939
0.1827057344869272 0.3199056469641017 0.2077838113948671 0.5775909733980956 1.553168909941999 0.6011463076168169 0.02684197762076419 0.3786712007671929 0.8001975972404906 -23.46596329341891
0.1985521523231502 0.3476516756489492 0.2258052988112986 0.627686543351604 0.6011463076168169 1.653284876764357 0.02917003368382998 0.4115140783416272 0.8696002654874573 -25.50121117614805
0.00886561617643623 0.015523107069533 0.01008250520804379 0.02802703424444566 0.02684197762076419 0.02917003368382998 1.001302480579882 0.01837464780456776 0.03882880185650823 -1.13866280308065
0.1250710201201851 0.2189910772114863 0.1422381915301932 0.3953892988524636 0.3786712007671929 0.4115140783416272 0.01837464780456776 1.259218975819705 0.547774431194715 -16.06360071539363
0.2642966499216806 0.4627659390170348 0.3005738457735767 0.8355258236573951 0.8001975972404906 0.8696002654874573 0.03882880185650823 0.547774431194715 2.157541906497588 -33.945160523024
-7.750554996695159 -13.57070875477104 -8.81439141558023 -24.5019709834939 -23.46596329341891 -25.50121117614805 -1.13866280308065 -16.06360071539363 -33.945160523024 996.4489910610145
